ID	GeneID	geneSymbol	chr	strand	exonStart_0base	exonEnd	upstreamES	upstreamEE	downstreamES	downstreamEE	ID	IJC_SAMPLE_1	SJC_SAMPLE_1	IJC_SAMPLE_2	SJC_SAMPLE_2	IncFormLen	SkipFormLen	PValue	FDR	IncLevel1	IncLevel2	IncLevelDifference
chr4:76716488-76716509|+|76715054|76720774	ENSG00000138768.14_4	USO1	chr4	+	76716488	76716509	76714842	76715054	76720774	76720885	chr4:76716488-76716509|+|76715054|76720774	535,579,571	50,36,58	30,29,26	438,501,346	121	100	0	0.0	0.898,0.93,0.891	0.054,0.046,0.058	0.854
chr19:18232916-18232937|+|18232732|18233482	ENSG00000099308.10_4	MAST3	chr19	+	18232916	18232937	18232659	18232732	18233482	18233561	chr19:18232916-18232937|+|18232732|18233482	6,3,5	41,54,35	39,25,28	40,46,27	121	100	9.25637344551e-12	2.03206219766e-09	0.108,0.044,0.106	0.446,0.31,0.462	-0.32
